348.000000 735.000000 200.000000
348.000000 735.000000 200.000000
348.000000 735.000000 200.000000
348.000000 735.000000 200.000000
348.000000 735.000000 200.000000
348.000000 735.000000 200.000000
348.000000 735.000000 200.000000
351.993694 733.546414 200.000000
355.388333 732.310867 200.000000
358.273777 731.260651 200.000000
360.726404 730.367968 200.000000
362.811137 729.609187 200.000000
368.576854 727.510638 200.000000
377.471407 724.273285 200.000000
385.031777 721.521536 200.000000
391.458091 719.182548 200.000000
396.920458 717.194409 200.000000
401.563470 715.504491 170.000000
409.884940 716.971791 170.000000
416.958189 718.218995 170.000000
422.970451 719.279119 170.000000
432.266307 720.918230 200.000000
443.799502 716.720490 200.000000
453.602718 713.152411 200.000000
461.935452 710.119544 230.000000
469.512236 701.089884 260.000000
471.990070 687.037391 260.000000
474.096229 675.092771 260.000000
475.886464 664.939844 230.000000
484.251135 654.971217 230.000000
491.361106 646.497883 230.000000
497.404582 639.295550 200.000000
504.914306 636.562234 200.000000
511.297572 634.238915 200.000000
516.723348 632.264094 200.000000
525.328951 629.131911 200.000000
536.637407 625.015969 200.000000
546.249595 621.517419 200.000000
554.419954 618.543651 200.000000
561.364760 616.015949 200.000000
567.267845 613.867402 200.000000
572.285467 612.041136 170.000000
580.940643 613.567277 170.000000
588.297542 614.864497 170.000000
594.550906 615.967134 200.000000
603.616457 612.667543 200.000000
611.322176 609.862891 200.000000
617.872036 607.478937 200.000000
623.439417 605.452576 200.000000
632.165385 602.276583 200.000000
639.582458 599.576990 200.000000
645.886970 597.282335 200.000000
651.245805 595.331879 200.000000
655.800815 593.673991 230.000000
661.181101 587.262016 230.000000
665.754344 581.811837 230.000000
669.641600 577.179185 260.000000
671.272221 567.931472 260.000000
672.658249 560.070917 290.000000
668.884213 549.701837 290.000000
665.676282 540.888119 290.000000
661.495955 529.402765 290.000000
657.942677 519.640214 290.000000
654.922391 511.342046 290.000000
652.355147 504.288603 290.000000
650.172991 498.293176 290.000000
648.318157 493.197063 290.000000
646.741549 488.865368 290.000000
643.947846 481.189733 290.000000
641.573199 474.665443 290.000000
639.554749 469.119797 290.000000
637.839066 464.405997 290.000000
636.380736 460.399268 290.000000
635.141155 456.993548 290.000000
634.087512 454.098686 290.000000
633.191915 451.638053 290.000000
632.430657 449.546515 320.000000
627.725687 445.598576 320.000000
623.726462 442.242828 320.000000
620.327120 439.390442 320.000000
614.181991 434.234067 320.000000
608.958632 429.851148 320.000000
604.518776 426.125667 320.000000
600.744899 422.959007 320.000000
597.537103 420.267347 320.000000
594.810477 417.979436 320.000000
592.492844 416.034712 320.000000
590.522857 414.381696 320.000000
588.848368 412.976632 290.000000
588.212892 411.230677 290.000000
587.672737 409.746615 320.000000
583.388703 406.151883 320.000000
579.747273 403.096361 320.000000
576.652058 400.499167 320.000000
570.765436 395.559705 320.000000
565.761808 391.361162 320.000000
561.508724 387.792401 320.000000
557.893602 384.758953 320.000000
554.820749 382.180523 320.000000
552.208824 379.988858 320.000000
549.988687 378.125942 320.000000
